jan 1 100 1
jan 100 200 2
jan 200 300 3
jan 301 400 4
jan 401 500 5
jan 501 600 6
jan 601 700 7
jan 701 800 8
jan 801 900 9
jan 901 1000 10
jan 1001 1100 11
jan 1101 1200 12
jan 1201 1300 13
jan 1301 1400 14
jan 1401 1500 15
jan 1501 1600 16
jan 1601 1700 17
jan 1701 1800 18
jan 1801 1900 19
jan 1901 2000 20
jan 2001 2100 21
jan 2101 2200 22
jan 2201 2300 23
jan 2301 2400 24
jan 2401 2500 25
jan 2501 2600 26
jan 2601 2700 27
jan 2701 2800 28
jan 2801 2900 29
jan 2901 3000 30
feb 1 100 1
feb 100 200 2
feb 200 300 3
feb 301 400 4
feb 401 500 5
feb 501 600 6
feb 601 700 7
feb 701 800 8
feb 801 900 9
feb 901 1000 10
feb 1001 1100 11
feb 1101 1200 12
feb 1201 1300 13
feb 1301 1400 14
feb 1401 1500 15
feb 1501 1600 16
feb 1601 1700 17
feb 1701 1800 18
feb 1801 1900 19
feb 1901 2000 20
feb 2001 2100 21
feb 2101 2200 22
feb 2201 2300 23
feb 2301 2400 24
feb 2401 2500 25
feb 2501 2600 26
feb 2601 2700 27
feb 2701 2800 28
mar 1 100 1
mar 100 200 2
mar 200 300 3
mar 301 400 4
mar 401 500 5
mar 501 600 6
mar 601 700 7
mar 701 800 8
mar 801 900 9
mar 901 1000 10
mar 1001 1100 11
mar 1101 1200 12
mar 1201 1300 13
mar 1301 1400 14
mar 1401 1500 15
mar 1501 1600 16
mar 1601 1700 17
mar 1701 1800 18
mar 1801 1900 19
mar 1901 2000 20
mar 2001 2100 21
mar 2101 2200 22
mar 2201 2300 23
mar 2301 2400 24
mar 2401 2500 25
mar 2501 2600 26
mar 2601 2700 27
mar 2701 2800 28
mar 2801 2900 29
mar 2901 3000 30
mar 3001 3100 31
apr 1 100 1
apr 100 200 2
apr 200 300 3
apr 301 400 4
apr 401 500 5
apr 501 600 6
apr 601 700 7
apr 701 800 8
apr 801 900 9
apr 901 1000 10
apr 1001 1100 11
apr 1101 1200 12
apr 1201 1300 13
apr 1301 1400 14
apr 1401 1500 15
apr 1501 1600 16
apr 1601 1700 17
apr 1701 1800 18
apr 1801 1900 19
apr 1901 2000 20
apr 2001 2100 21
apr 2101 2200 22
apr 2201 2300 23
apr 2301 2400 24
apr 2401 2500 25
apr 2501 2600 26
apr 2601 2700 27
apr 2701 2800 28
apr 2801 2900 29
apr 2901 3000 30
may 1 100 1
may 100 200 2
may 200 300 3
may 301 400 4
may 401 500 5
may 501 600 6
may 601 700 7
may 701 800 8
may 801 900 9
may 901 1000 10
may 1001 1100 11
may 1101 1200 12
may 1201 1300 13
may 1301 1400 14
may 1401 1500 15
may 1501 1600 16
may 1601 1700 17
may 1701 1800 18
may 1801 1900 19
may 1901 2000 20
may 2001 2100 21
may 2101 2200 22
may 2201 2300 23
may 2301 2400 24
may 2401 2500 25
may 2501 2600 26
may 2601 2700 27
may 2701 2800 28
may 2801 2900 29
may 2901 3000 30
jun 1 100 1
jun 100 200 2
jun 200 300 3
jun 301 400 4
jun 401 500 5
jun 501 600 6
jun 601 700 7
jun 701 800 8
jun 801 900 9
jun 901 1000 10
jun 1001 1100 11
jun 1101 1200 12
jun 1201 1300 13
jun 1301 1400 14
jun 1401 1500 15
jun 1501 1600 16
jun 1601 1700 17
jun 1701 1800 18
jun 1801 1900 19
jun 1901 2000 20
jun 2001 2100 21
jun 2101 2200 22
jun 2201 2300 23
jun 2301 2400 24
jun 2401 2500 25
jun 2501 2600 26
jun 2601 2700 27
jun 2701 2800 28
jun 2801 2900 29
jun 2901 3000 30
jul 1 100 1
jul 100 200 2
jul 200 300 3
jul 301 400 4
jul 401 500 5
jul 501 600 6
jul 601 700 7
jul 701 800 8
jul 801 900 9
jul 901 1000 10
jul 1001 1100 11
jul 1101 1200 12
jul 1201 1300 13
jul 1301 1400 14
jul 1401 1500 15
jul 1501 1600 16
jul 1601 1700 17
jul 1701 1800 18
jul 1801 1900 19
jul 1901 2000 20
jul 2001 2100 21
jul 2101 2200 22
jul 2201 2300 23
jul 2301 2400 24
jul 2401 2500 25
jul 2501 2600 26
jul 2601 2700 27
jul 2701 2800 28
jul 2801 2900 29
jul 2901 3000 30
jul 3001 3100 31
aug 1 100 1
aug 100 200 2
aug 200 300 3
aug 301 400 4
aug 401 500 5
aug 501 600 6
aug 601 700 7
aug 701 800 8
aug 801 900 9
aug 901 1000 10
aug 1001 1100 11
aug 1101 1200 12
aug 1201 1300 13
aug 1301 1400 14
aug 1401 1500 15
aug 1501 1600 16
aug 1601 1700 17
aug 1701 1800 18
aug 1801 1900 19
aug 1901 2000 20
aug 2001 2100 21
aug 2101 2200 22
aug 2201 2300 23
aug 2301 2400 24
aug 2401 2500 25
aug 2501 2600 26
aug 2601 2700 27
aug 2701 2800 28
aug 2801 2900 29
aug 2901 3000 30
aug 3001 3100 31
sep 1 100 1
sep 100 200 2
sep 200 300 3
sep 301 400 4
sep 401 500 5
sep 501 600 6
sep 601 700 7
sep 701 800 8
sep 801 900 9
sep 901 1000 10
sep 1001 1100 11
sep 1101 1200 12
sep 1201 1300 13
sep 1301 1400 14
sep 1401 1500 15
sep 1501 1600 16
sep 1601 1700 17
sep 1701 1800 18
sep 1801 1900 19
sep 1901 2000 20
sep 2001 2100 21
sep 2101 2200 22
sep 2201 2300 23
sep 2301 2400 24
sep 2401 2500 25
sep 2501 2600 26
sep 2601 2700 27
sep 2701 2800 28
sep 2801 2900 29
sep 2901 3000 30
oct 1 100 1
oct 100 200 2
oct 200 300 3
oct 301 400 4
oct 401 500 5
oct 501 600 6
oct 601 700 7
oct 701 800 8
oct 801 900 9
oct 901 1000 10
oct 1001 1100 11
oct 1101 1200 12
oct 1201 1300 13
oct 1301 1400 14
oct 1401 1500 15
oct 1501 1600 16
oct 1601 1700 17
oct 1701 1800 18
oct 1801 1900 19
oct 1901 2000 20
oct 2001 2100 21
oct 2101 2200 22
oct 2201 2300 23
oct 2301 2400 24
oct 2401 2500 25
oct 2501 2600 26
oct 2601 2700 27
oct 2701 2800 28
oct 2801 2900 29
oct 2901 3000 30
oct 3001 3100 31
nov 1 100 1
nov 100 200 2
nov 200 300 3
nov 301 400 4
nov 401 500 5
nov 501 600 6
nov 601 700 7
nov 701 800 8
nov 801 900 9
nov 901 1000 10
nov 1001 1100 11
nov 1101 1200 12
nov 1201 1300 13
nov 1301 1400 14
nov 1401 1500 15
nov 1501 1600 16
nov 1601 1700 17
nov 1701 1800 18
nov 1801 1900 19
nov 1901 2000 20
nov 2001 2100 21
nov 2101 2200 22
nov 2201 2300 23
nov 2301 2400 24
nov 2401 2500 25
nov 2501 2600 26
nov 2601 2700 27
nov 2701 2800 28
nov 2801 2900 29
nov 2901 3000 30
dec 1 100 1
dec 100 200 2
dec 200 300 3
dec 301 400 4
dec 401 500 5
dec 501 600 6
dec 601 700 7
dec 701 800 8
dec 801 900 9
dec 901 1000 10
dec 1001 1100 11
dec 1101 1200 12
dec 1201 1300 13
dec 1301 1400 14
dec 1401 1500 15
dec 1501 1600 16
dec 1601 1700 17
dec 1701 1800 18
dec 1801 1900 19
dec 1901 2000 20
dec 2001 2100 21
dec 2101 2200 22
dec 2201 2300 23
dec 2301 2400 24
dec 2401 2500 25
dec 2501 2600 26
dec 2601 2700 27
dec 2701 2800 28
dec 2801 2900 29
dec 2901 3000 30
dec 3001 3100 31
